105
197 99
3 4
1000000000 94
102 99
313424185 10
3 5
199 99
100 100
4 7
3 3
1000000000 3
98 100
1000000000 99
4 4
670528042 10
6 3
201 99
199 100
997184809 100
783314473 84
1 100
4 2
593065517 43
201 100
2 4
196 99
4 5
103 100
3 6
999999999 99
5 3
1 3
417021999 1
412538846 2
99 100
5 1
97 99
197550894 70
1 99
97 100
1000000000 2
128124448 100
1 73
2 3
2 5
114382 1
273049978 17
2 2
3 7
5 2
7 3
999999999 3
59243198 88
4 3
4 9
417304805 46
289629644 32
2 1
96 99
538816732 85
98 99
1 31
200 100
195 99
138 6
102 100
3 1
1000000000 1
829603365 4
999999999 1
671654092 96
1 1
1 10
4 8
8 3
101 100
4 1
203 100
198 100
3 100
146755893 1
202 100
236088977 100
2 99
100 99
9 3
3 2
6 2
198 99
101 99
200 99
3 99
1000000000 40
876389147 87
197 100
999999999 2
27387596 54
1000000000 100
1 2
99 99
7 2
524548163 21
4 6
999999999 100
2 100
